Run the following command "$>./push_swap 0 1 2 3". The program should display nothing (0 instruction).
Run the following command "$>./push_swap 0 1 2 3 4 5 6 7 8 9". The program should display nothing (0 instruction).

- Run "$>ARG="2 1 0"; ./push_swap $ARG | ./checker $ARG". 
Check that the checker program displays "OK" and 
that the size of the list of instructions from push_swap is 2 OR 3. Otherwise the test fails.


- Run "$>ARG="1 5 2 4 3"; ./push_swap $ARG | ./checker $ARG". 
Check that the checker program displays "OK"
and that the size of the list of instructions from
push_swap isn't more than 12. Kudos if the size of
the list of instructions is 8.

- Run "$>ARG="<5 random values>"; ./push_swap $ARG | ./checker $ARG" 
and replace the placeholder by 5 random valid values. 
Check that the checker program displays "OK" and that the size of the list of instructions
from push_swap isn't more than 12. Otherwise this test fails. You'll have to specifically check that the program wasn't developed to only answer correctly on the test included in this scale. You should repeat this test couple of times with several permutations before you validate it.

- Run "$>ARG="<100 random values>"; ./push_swap $ARG | ./checker $ARG" and replace the placeholder by 100 random valid values. Check that the checker program displays
"OK" and then give a grade based on the size of the list
of instructions:
- Less than 700: 5 
- Less than 900: 4 
- Less than 1100: 3
- Less than 1300: 2 
- Less than 1500: 1
80 65 27 45 10 25 40 75 41 47 14 8 96 34 11 36 31 64 22 61 99 20 77 88 37 92 15 46 32 72 52 76 95 94 1 5 100 98 33 70 28 17 49 89 3 69 60 44 55 82 66 57 74 54 21 13 68 85 30 6 81 4 91 67 62 39 38 50 23 58 79 42 26 73 16 7 29 97 24 87 84 2 18 93 83 35 19 63 48 78 12 71 53 90 59 9 86 51 43 56
2 88 83 84 89 96 46 52 10 97 7 80 23 69 28 30 17 63 78 82 95 53 15 51 25 1 58 100 72 38 4 76 93 16 43 79 61 11 86 62 39 31 26 8 29 37 74 68 48 5 98 42 9 36 35 60 73 91 22 57 77 49 14 94 3 67 50 81 34 27 64 32 90 47 65 71 33 40 59 75 45 66 12 85 87 56 92 20 44 24 55 19 6 41 99 13 54 70 21 18
43 100 21 61 87 91 25 92 56 66 85 54 65 26 79 9 45 39 76 52 37 38 29 74 96 1 90 99 12 4 7 15 49 82 75 97 58 77 57 31 32 88 24 98 67 28 33 62 50 81 20 84 16 78 70 30 46 3 80 68 34 83 55 64 18 13 5 73 69 60 47 11 6 41 23 59 2 22 36 94 27 40 44 86 93 35 17 72 48 14 42 53 95 51 8 10 63 19 89 71


- Run "$>ARG="<500 random values>"; ./push_swap $ARG | ./checker $ARG" and replace the placeholder by 500 random valid values (One is not called John/Jane Script
for nothing) Check that the checker program displays "OK" and then give a grade based on the size of the list
of instructions:
    - Less than  5, 500: 5 
    - Less than  7, 000: 4 
    - Less than  8, 500: 3 
    - Less than 10, 000: 2 
    - Less than 11, 500: 1
Otherwise this test fails.
You'll have to specifically check that the program wasn't developed to only answer correctly on the test included in this scale. You should repeat this test couple of times with several permutations before you validate it.

50 586 630 518 404 348 910 662 677 1000 18 619 3 674 895 587 12 221 995 890 475 58 583 497 198 389 321 208 176 501 279 361 338 23 499 599 47 542 2 191 409 978 217 256 248 111 444 945 852 65 827 185 319 727 164 244 970 196 137 649 959 129 911 181 38 170 373 69 551 654 918 560 227 231 802 253 286 708 989 179 325 694 800 838 68 84 857 635 988 656 112 955 634 265 318 582 527 746 612 91 470 680 452 512 200 531 270 180 788 784 722 132 411 1 609 924 741 163 385 162 386 685 520 309 116 278 123 849 400 968 255 324 864 190 28 946 949 237 613 489 848 445 869 333 628 965 100 561 275 500 20 97 219 90 810 9 95 11 313 775 341 339 576 235 859 913 766 266 62 233 638 920 835 973 405 394 651 320 293 440 516 951 569 796 941 119 884 644 717 686 479 652 167 326 122 390 672 836 415 557 380 813 933 826 915 752 19 268 453 41 420 633 639 387 206 801 130 418 953 234 174 916 503 375 578 850 590 593 467 377 761 446 422 508 103 349 26 462 525 511 554 870 139 992 759 106 940 706 536 271 281 425 154 807 274 729 948 155 795 537 250 300 480 241 779 768 845 660 173 789 912 666 540 276 670 308 85 732 71 932 477 207 885 21 438 917 543 78 314 584 704 581 150 476 579 483 562 950 982 195 785 887 454 568 900 222 144 928 424 49 478 904 305 792 383 936 465 883 799 673 366 166 960 213 867 697 923 59 629 539 787 641 209 754 647 113 236 343 903 419 340 246 742 93 636 679 362 363 46 720 803 774 878 745 984 202 596 451 980 692 342 871 148 927 519 572 27 743 102 184 159 930 671 290 67 223 736 615 781 728 873 618 289 57 683 631 364 886 76 430 969 600 299 663 684 650 447 815 541 544 975 16 147 353 994 335 492 336 218 89 381 138 773 990 944 44 956 824 712 526 532 494 985 931 614 603 193 510 73 616 272 786 15 165 530 563 588 723 535 877 782 695 891 976 216 82 187 505 285 577 134 247 744 288 914 228 392 977 136 812 211 690 602 224 963 393 64 225 762 882 942 664 534 606 701 372 43 725 755 117 311 865 687 821 25 843 403 643 665 817 675 487 719 825 632 862 523 141 642 778
750 564 626 232 869 529 442 93 507 90 25 773 321 956 428 923 613 811 97 49 27 450 34 806 502 91 964 381 786 603 665 511 289 426 586 510 712 929 666 520 708 86 313 160 395 138 460 220 361 484 987 175 915 110 583 163 469 149 446 711 883 230 609 790 147 749 435 258 936 852 178 917 990 627 970 499 589 639 789 498 29 46 205 386 408 96 704 599 489 421 771 199 250 859 376 403 744 617 873 45 595 832 713 365 513 494 99 480 218 861 780 307 296 284 281 724 491 78 438 693 633 62 495 968 643 3 551 212 112 926 541 506 575 94 670 941 947 259 890 333 804 176 580 514 463 267 366 255 710 505 191 5 920 107 56 822 464 533 846 67 297 410 141 645 444 39 400 758 940 730 111 739 699 120 239 309 142 916 298 72 126 934 88 888 445 610 115 697 931 810 867 92 516 518 972 951 735 251 863 839 405 542 287 886 470 965 23 209 487 986 611 224 327 794 957 369 292 136 288 731 882 623 354 418 785 747 953 462 336 13 161 420 465 691 795 607 892 32 829 375 781 884 148 788 602 181 26 80 154 572 989 215 145 434 346 732 620 501 52 878 683 664 669 896 865 452 433 512 415 95 76 569 678 763 805 265 622 528 362 236 553 658 350 807 286 264 342 301 630 172 330 734 898 358 417 845 244 616 668 285 129 372 881 198 840 48 237 89 276 394 132 725 37 945 368 797 798 252 879 300 813 152 262 496 370 9 973 201 680 515 124 340 315 539 587 876 716 280 631 933 383 429 194 128 558 483 563 682 991 527 182 509 537 893 200 63 536 18 895 204 753 441 676 872 784 998 782 348 995 802 306 729 61 352 919 164 453 174 870 150 478 1 975 628 821 384 257 707 588 570 168 959 900 836 401 858 638 614 824 282 759 87 534 686 760 554 290 81 544 269 109 6 24 851 808 943 621 687 335 66 825 497 556 467 974 835 235 363 592 457 331 2 606 64 660 927 319 16 508 179 962 60 796 838 74 778 654 591 663 817 210 339 83 131 240 437 139 762 573 398 227 165 473 113 51 980 466 855 4 36 743 75 809 848 485 674 121 695 559 102 885 684 223 10 274 359 322 757 921 525 195 316 843 856 374 28 471 636 751 226
651 359 437 381 330 839 706 36 857 90 405 476 45 334 190 292 81 307 530 637 141 490 653 749 89 784 738 871 235 645 54 219 402 238 228 236 617 492 699 474 497 117 756 951 677 18 426 569 607 147 846 371 959 943 925 176 545 704 109 803 718 639 333 64 155 630 343 145 486 969 932 128 638 584 945 215 971 725 980 279 914 291 541 226 305 528 258 586 290 249 39 820 821 625 370 690 88 611 869 524 598 727 203 151 588 71 33 696 264 293 13 640 517 805 735 508 339 597 49 800 774 32 163 270 183 897 200 222 728 700 514 208 933 299 303 609 818 256 173 80 729 345 322 429 977 79 953 351 895 565 440 94 981 175 187 874 11 745 255 694 391 191 332 963 178 257 555 938 374 576 674 808 972 281 930 548 865 160 177 680 717 102 714 702 388 41 888 556 791 764 561 601 380 274 582 468 893 124 91 465 156 618 656 806 579 10 2 816 762 592 341 362 860 693 834 400 466 546 918 608 866 386 414 757 27 526 655 347 723 604 1 986 165 55 682 225 480 115 544 375 7 662 713 422 397 223 97 958 991 488 130 793 903 924 86 431 667 968 401 841 384 254 434 679 989 451 525 796 856 304 504 268 578 583 143 642 23 691 70 19 884 436 390 295 104 763 904 1000 654 724 591 859 123 100 185 828 460 531 957 107 501 433 994 478 979 367 487 858 481 701 113 358 769 518 632 338 271 878 997 111 37 936 751 68 46 527 900 66 916 922 154 635 815 44 666 152 877 259 101 572 676 354 613 424 577 452 456 626 459 233 891 650 734 310 170 116 731 496 755 813 131 282 513 144 385 574 661 848 689 197 629 636 399 315 394 162 72 84 318 631 502 349 410 331 308 82 59 242 77 216 302 955 934 250 827 221 498 974 449 184 854 138 267 599 719 941 416 776 585 766 602 361 212 590 885 392 489 746 57 515 789 227 139 999 880 838 243 321 627 812 948 312 768 615 207 567 240 758 562 998 277 205 327 320 868 786 275 899 418 411 67 537 342 484 319 657 707 882 973 435 970 644 536 870 887 761 804 919 314 25 826 921 311 61 722 552 206 14 483 4 43 915 365 265 708 171 125 119 780 712 63 121 794 646 224 336 105 93 211 98